1.470984494729022e8 0.0
1.4709071327841428e8 1.5211616532231127e6
1.470675055494577e8 3.042163305289498e6
1.4702882884943312e8 4.562844974402363e6
1.4697468745027176e8 6.083046717481304e6
1.4690508733183053e8 7.602608649511807e6
1.4682003618104568e8 9.121370962884314e6
1.467195433908447e8 1.0639173946719404e7
1.466036200588172e8 1.2155858006175576e7
1.464722789856448e8 1.3671263681736233e7
1.4632553467329034e8 1.5185231668472376e7
1.461634033229474e8 1.6697602835277539e7
1.4598590283274972e8 1.820821824407162e7
1.4579305279524204e8 1.9716919168970067e7
1.4558487449461216e8 2.122354711541508e7
1.453613909036855e8 2.2727943839265406e7
1.4512262668068257e8 2.422995136584133e7
1.4486860816574016e8 2.5729412008921523e7
1.4459936337719703e8 2.722616838968834e7
1.4431492200764543e8 2.8720063455618247e7
1.4401531541974866e8 3.0210940499314107e7
1.4370057664182648e8 3.1698643177275907e7
1.433707403632087e8 3.3183015528606776e7
1.4302584292935857e8 3.466390199365096e7
1.4266592233676708e8 3.6141147432560466e7
1.4229101822761902e8 3.761459714378734e7
1.4190117188423264e8 3.908409688249814e7
1.4149642622327366e8 4.0549492878907666e7
1.4107682578974566e8 4.201063185652867e7
1.406424167507573e8 4.346736105033448e7
1.4019324688906938e8 4.491952822483148e7
1.3972936559642133e8 4.636698169203827e7
1.392508238666406e8 4.780957032936879e7
1.3875767428853515e8 4.924714359741595e7
1.3824997103857154e8 5.067955155763322e7
1.377277698733401e8 5.210664488991111e7
1.3719112812180865e8 5.352827491004552e7
1.366401046773673e8 5.494429358709533e7
1.3607475998966536e8 5.635455356062621e7
1.3549515605624285e8 5.775890815783802e7
1.349013564139584e8 5.915721141057291e7
1.3429342613021523e8 6.0549318072201565e7
1.3367143179398793e8 6.193508363438471e7
1.3303544150665122e8 6.3314364343707494e7
1.3238552487261356e8 6.468701721818399e7
1.3172175298975734e8 6.605290006362923e7
1.3104419843968798e8 6.741187148989646e7
1.3035293527779412e8 6.87637909269769e7
1.2964803902312116e8 7.010851864095981e7
1.2892958664806052e8 7.144591574985035e7
1.2819765656785682e8 7.277584423924275e7
1.274523286299354e8 7.409816697784695e7
1.2669368410305266e8 7.541274773286599e7
1.2592180566627155e8 7.67194511852221e7
1.2513677739776453e8 7.801814294462943e7
1.2433868476344688e8 7.930868956451124e7
1.2352761460544251e8 8.059095855675946e7
1.2270365513038486e8 8.186481840633452e7
1.2186689589755568e8 8.31301385857038e7
1.2101742780686398e8 8.438678956911628e7
1.2015534308666813e8 8.563464284671201e7
1.1928073528144334e8 8.68735709384642e7
1.183936992392974e8 8.810344740795232e7
1.1749433109933752e8 8.932414687596461e7
1.1658272827889061e8 9.05355450339279e7
1.1565898946058002e8 9.173751865716368e7
1.1472321457926139e8 9.292994561796822e7
1.137755048088202e8 9.411270489851585e7
1.1281596254883432e8 9.528567660358334e7
1.1184469141110344e8 9.644874197309422e7
1.1086179620604925e8 9.760178339448202e7
1.098673829289884e8 9.874468441487001e7
1.0886155874628128e8 9.987732975306766e7
1.0784443198135984e8 1.0099960531138119e8
1.0681611210063657e8 1.0211139818723795e8
1.0577670969929823e8 1.032125966846232e8
1.0472633648698674e8 1.0430309032532805e8
1.036651052733702e8 1.0538276986000782e8
1.0259312995360717e8 1.0645152727904968e8
1.0151052549370664e8 1.0750925582324864e8
1.0041740791578704e8 1.0855584999429108e8
9.931389428323692e7 1.0959120556504498e8
9.820010268578012e7 1.1061521958965601e8
9.707615222444879e7 1.1162779041344883e8
9.594216299646641e7 1.1262881768263285e8
9.47982560800445e7 1.1361820235381196e8
9.36445535190954e7 1.1459584670329736e8
9.248117830786411e7 1.1556165433622335e8
9.13082543754822e7 1.1651553019546525e8
9.012590657044666e7 1.1745738057035929e8
8.893426064502628e7 1.1838711310522375e8
8.773344323959908e7 1.1930463680768144e8
8.652358186692284e7 1.2020986205678296e8
8.53048048963422e7 1.2110270061093025e8
8.407724153793503e7 1.2198306561560099e8
8.284102182660069e7 1.228508716108728e8
8.159627660609339e7 1.2370603453874786e8
8.034313751300299e7 1.2454847175027736e8
7.908173696068665e7 1.2537810201248612e8
7.781220812315363e7 1.2619484551509717e8
7.653468491890593e7 1.2699862387705669e8
7.524930199473846e7 1.2778936015285884e8
7.39561947095002e7 1.2856697883867125e8
7.265549911781986e7 1.2933140587826118e8
7.134735195379902e7 1.3008256866872214e8
7.003189061467445e7 1.3082039606600213e8
6.870925314445333e7 1.31544818390233e8
6.73795782175235e7 1.3225576743086162e8
6.604300512224139e7 1.3295317645158353e8
6.469967374450052e7 1.3363698019507897e8
6.334972455128295e7 1.3430711488755214e8
6.199329857419626e7 1.3496351824307424e8
6.0630537392999e7 1.356061294677304e8
5.926158311911641e7 1.362348892635719e8
5.7886578379149966e7 1.3684973983237335e8
5.650566629838206e7 1.3745062487919614e8
5.511899048427936e7 1.380374896157589e8
5.372669500999667e7 1.3861028076361507e8
5.23289243978839e7 1.3916894655713913e8
5.092582360299857e7 1.3971343674632168e8
4.951753799662617e7 1.4024370259937462e8
4.810421334981082e7 1.4075969690514687e8
4.668599581689826e7 1.4126137397535208e8
4.526303191909412e7 1.417486896466087e8
4.383546852803887e7 1.422216012822937e8
4.240345284940237e7 1.426800677742108e8
4.096713240650005e7 1.4312404954407424e8
3.952665502393264e7 1.435535085448091e8
3.8082168811252184e7 1.439684082616693e8
3.66338221466556e7 1.4436871371317446e8
3.518176366070899e7 1.4475439145186627e8
3.372614222010369e7 1.4512540956488624e8
3.2267106911446963e7 1.4548173767437527e8
3.0804807025088646e7 1.4582334693769673e8
2.9339392038986385e7 1.4615021004748413e8
2.78710116026109e7 1.4646230123151436e8
2.639981552089337e7 1.4675959625240833e8
2.4925953738217063e7 1.4704207240715933e8
2.344957632245456e7 1.473097085264916e8
2.1970833449053004e7 1.4756248497404942e8
2.0489875385168694e7 1.478003836454185e8
1.9006852473852977e7 1.4802338796698117e8
1.7521915118291177e7 1.4823148289460614e8
1.6035213766096469e7 1.484246549121749e8
1.45468988936597e7 1.4860289202994582e8
1.3057120990557855e7 1.4876618378275707e8
1.1566030544021506e7 1.4891452122807053e8
1.0073778023464227e7 1.490478969438575e8
8.580513865074087e6 1.4916630502632773e8
7.086388456470038e6 1.4926974108750367e8
5.591552121423727e6 1.4935820225264084e8
4.096155104648719e6 1.4943168715749618e8
2.6003475566583043e6 1.4949019594544598e8
1.10427951869336e6 1.4953373026445422e8
-391899.09227825503 1.4956229326389384e8
-1.8880384984897024e6 1.4957588959122157e8
-3.3839890762291183e6 1.4957452538850844e8
-4.879601370618091e6 1.4955820828882715e8
-6.3747261103137685e6 1.4952694741249803e8
-7.869214222133256e6 1.4948075336319512e8
-9.362916845598862e6 1.4941963822391403e8
-1.0855685347403448e7 1.4934361555280262e8
-1.2347371335794618e7 1.492527003788571e8
-1.3837826674876587e7 1.4914690919748378e8
-1.5326903498828664e7 1.4902625996592945e8
-1.6814454226039607e7 1.4889077209858066e8
-1.8300331573156387e7 1.4874046646213454e8
-1.9784388569046784e7 1.4857536537064213e8
-2.1266478568674885e7 1.4839549258042583e8
-2.274645526688821e7 1.4820087328487286e8
-2.422417271211583e7 1.479915341091063e8
-2.5699485319976896e7 1.4776750310453457e8
-2.7172247886798166e7 1.4752880974328217e8
-2.8642315603040252e7 1.472754849125021e8
-3.01095440666315e7 1.4700756090857217e8
-3.1573789296209008e7 1.4672507143117666e8
-3.3034907744265854e7 1.4642805157727495e8
-3.449275631020406e7 1.4611653783495829e8
-3.5947192353292316e7 1.457905680771969e8
-3.739807370552835e7 1.454501815554785e8
-3.884525868440473e7 1.4509541889334008e8
-4.028860610557803e7 1.4472632207979417e8
-4.172797529544055e7 1.4434293446265152e8
-4.316322610359404e7 1.4394530074174145e8
-4.459421891522508e7 1.4353346696203154e8
-4.602081466338151e7 1.4310748050664815e8
-4.744287484114945e7 1.4266739008979928e8
-4.8860261513730675e7 1.4221324574960124e8
-5.0272837330419734e7 1.4174509884081078e8
-5.1680465536480226e7 1.41263002027464e8
-5.308300998492068e7 1.4076700927542362e8
-5.448033514816851e7 1.4025717584483615e8
-5.587230612964287e7 1.3973355828250024e8
-5.7258788675225414e7 1.3919621441414785e8
-5.8639649184628785e7 1.3864520333663967e8
-6.001475472266291e7 1.3808058541007608e8
-6.138397303039834e7 1.3750242224982536e8
-6.2747172536227025e7 1.3691077671847013e8
-6.410422236681992e7 1.3630571291767403e8
-6.545499235798113e7 1.3568729617996946e8
-6.679935306539902e7 1.3505559306046814e8
-6.813717577529363e7 1.3441067132849562e8
-6.94683325149603e7 1.3375259995915154e8
-7.079269606320985e7 1.3308144912479618e8
-7.211013996070471e7 1.3239729018646564e8
-7.342053852019122e7 1.3170019568521623e8
-7.472376683662826e7 1.3099023933339947e8
-7.601970079721113e7 1.3026749600586972e8
-7.730821709129256e7 1.2953204173112457e8
-7.858919322019881e7 1.2878395368238026e8
-7.98625075069424e7 1.2802331016858277e8
-8.112803910583024e7 1.2725019062535654e8
-8.238566801196893e7 1.2646467560589083e8
-8.363527507066508e7 1.2566684677176644e8
-8.487674198672268e7 1.2485678688372281e8
-8.610995133363634e7 1.2403457979236749e8
-8.733478656268151e7 1.2320031042882837e8
-8.855113201190022e7 1.2235406479535106e8
-8.975887291498505e7 1.214959299558407e8
-9.095789541005811e7 1.2062599402635176e8
-9.214808654834875e7 1.1974434616552445e8
-9.332933430276679e7 1.1885107656497103e8
-9.450152757637435e7 1.1794627643961133e8
-9.566455621075417e7 1.1703003801796013e8
-9.681831099427636e7 1.1610245453236607e8
-9.796268367026222e7 1.1516362020920433e8
-9.909756694504724e7 1.1421363025902295e8
-1.0022285449594103e8 1.1325258086664538e8
-1.0133844097908686e8 1.1228056918122837e8
-1.0244422203721954e8 1.1129769330627777e8
-1.0354009430732223e8 1.1030405228962249e8
-1.0462595542818272e8 1.0929974611334763e8
-1.057017040478491e8 1.0828487568368796e8
-1.0676723983098514e8 1.0725954282088238e8
-1.0782246346612594e8 1.0622385024899076e8
-1.0886727667283365e8 1.0517790158567339e8
-1.0990158220875402e8 1.0412180133193475e8
-1.109252838765739e8 1.0305565486183152e8
-1.1193828653087956e8 1.0197956841214685e8
-1.1294049608491711e8 1.0089364907203043e8
-1.1393181951725408e8 9.979800477260673e7
-1.1491216487834375e8 9.86927442765505e7
-1.1588144129699138e8 9.757797716763188e7
-1.1683955898672357e8 9.645381384023097e7
-1.1778642925206043e8 9.53203654888233e7
-1.1872196449469149e8 9.417774409743573e7
-1.1964607821955483e8 9.302606242907579e7
-1.2055868504082072e8 9.18654340151325e7
-1.2145970068777937e8 9.069597314475173e7
-1.2234904201063366e8 8.951779485418497e7
-1.2322662698619655e8 8.833101491611394e7
-1.240923747234942e8 8.71357498289499e7
-1.2494620546927465e8 8.59321168061103e7
-1.2578804061342274e8 8.472023376527122e7
-1.2661780269428097e8 8.350021931759891e7
-1.2743541540387787e8 8.227219275695789e7
-1.2824080359306268e8 8.10362740490994e7
-1.2903389327654797e8 7.979258382082863e7
-1.2981461163785964e8 7.854124334915203e7
-1.3058288703419526e8 7.728237455040574e7
-1.313386490011909e8 7.601609996936467e7
-1.3208182825759634e8 7.474254276833391e7
-1.3281235670985985e8 7.346182671622224e7
-1.335301674566219e8 7.217407617759882e7
-1.342351947931192e8 7.087941610173255e7
-1.3492737421549818e8 6.957797201161681e7
-1.356066424250395e8 6.826986999297692e7
-1.362729373322927e8 6.695523668326403e7
-1.3692619806112248e8 6.563419926063344e7
-1.3756636495266572e8 6.430688543290959e7
-1.3819337956920084e8 6.297342342653647e7
-1.388071846979285e8 6.163394197551608e7
-1.3940772435466507e8 6.0288570310332805e7
-1.3999494378744853e8 5.89374381468667e7
-1.4056878948005703e8 5.758067567529401e7
-1.4112920915544114e8 5.6218413548976615e7
-1.4167615177906907e8 5.48507828733402e7
-1.4220956756218588e8 5.347791519474218e7
-1.4272940796498674e8 5.209994248932857e7
-1.4323562569970438e8 5.071699715188176e7
-1.4372817473361135e8 4.932921198465791e7
-1.4420701029193667e8 4.7936720186216146e7
-1.446720888606982e8 4.653965534023769e7
-1.4512336818944985e8 4.513815140433761e7
-1.455608072939445e8 4.373234269886787e7
-1.4598436645871323e8 4.2322363895712264e7
-1.4639400723955974e8 4.090835000707457e7
-1.467896924659719e8 3.949043637425885e7
-1.471713862434494e8 3.806875865644327e7
-1.475390539557484e8 3.664345281944663e7
-1.478926622670428e8 3.521465512448999e7
-1.4823217912400302e8 3.378250211695038e7
-1.48557573757792e8 3.234713061511053e7
-1.4886881668597874e8 3.0908677698901642e7
-1.4916587971436945e8 2.9467280698642477e7
-1.4944873593875703e8 2.8023077183771975e7
-1.4971735974658808e8 2.6576204951578394e7
-1.4997172681854853e8 2.5126802015923154e7
-1.5021181413006768e8 2.3675006595961407e7
-1.5043759995274037e8 2.222095710485763e7
-1.5064906385566843e8 2.0764792138498697e7
-1.5084618670672053e8 1.9306650464202035e7
-1.510289506737111e8 1.7846671009422276e7
-1.5119733922549814e8 1.6384992850453299e7
-1.513513371330007e8 1.4921755201128924e7
-1.51490930470135e8 1.3457097401519649e7
-1.5161610661467034e8 1.199115890662839e7
-1.5172685424900427e8 1.0524079275083067e7
-1.518231633608574e8 9.055998157828193e6
-1.519050252438876e8 7.587055286813813e6
-1.5197243249822432e8 6.117390463683849e6
-1.5202537903092194e8 4.647143548462825e6
-1.520638600563336e8 3.1764544482410746e6
-1.520878720964042e8 1.7054631058601965e6
-1.5209741298088372e8 234309.4885968004
-1.5209248184746012e8 -1.2368664231536668e6
-1.5207307914181206e8 -2.707924647193464e6
-1.520392066175818e8 -4.178725210838936e6
-1.519908673362677e8 -5.64912816223718e6
-1.5192806566703638e8 -7.118993581681611e6
-1.5185080728645545e8 -8.58818159292798e6
-1.517590991781451e8 -1.0056552374508291e7
-1.5165294963235027e8 -1.1523966171045098e7
-1.5153236824543205e8 -1.2990283304563377e7
-1.5139736591927895e8 -1.4455364185802247e7
-1.512479548606378e8 -1.5919069325523589e7
-1.510841485803642e8 -1.7381259345820382e7
-1.5090596189259225e8 -1.8841794991421733e7
-1.5071341091382405e8 -2.0300537140996452e7
-1.5050651306193808e8 -2.1757346818453845e7
-1.5028528705511716e8 -2.3212085204241797e7
-1.5004975291069523e8 -2.466461364664196e7
-1.497999319439232e8 -2.6114793673061993e7
-1.4953584676665384e8 -2.756248700132382e7
-1.49257521285945e8 -2.9007555550949246e7
-1.4896498070258176e8 -3.0449861454440832e7
-1.4865825150951695e8 -3.1889267068558984e7
-1.483373614902299e8 -3.3325634985594995e7
-1.4800233971700332e8 -3.475882804463877e7
-1.476532165491182e8 -3.618870934284262e7
-1.4729002363096645e8 -3.7615142246679254e7
-1.4691279389008135e8 -3.903799040319451e7
-1.4652156153508493e8 -4.045711775125464e7
-1.4611636205355325e8 -4.187238853278756e7
-1.4569723220979816e8 -4.3283667304017805e7
-1.45264210042566e8 -4.469081894669511e7
-1.4481733486265326e8 -4.609370867931586e7
-1.4435664725043803e8 -4.749220206833806e7
-1.4388218905332822e8 -4.888616503938812e7
-1.4339400338312498e8 -5.027546388846071e7
-1.4289213461330274e8 -5.165996529310954e7
-1.4237662837620363e8 -5.303953632363096e7
-1.4184753156014803e8 -5.4414044454237595e7
-1.4130489230645925e8 -5.5783357574224204e7
-1.4074876000640368e8 -5.714734399912244e7
-1.4017918529804444e8 -5.850587248184778e7
-1.3959622006301e8 -5.9858812223834336e7
-1.3899991742317605e8 -6.120603288616065e7
-1.3839033173726115e8 -6.25474046006636e7
-1.3776751859733573e8 -6.3882797981041335e7
-1.3713153482524386e8 -6.5212084133944586e7
-1.3648243846893805e8 -6.653513467005501e7
-1.35820288798726e8 -6.78518217151523e7
-1.3514514630342972e8 -6.916201792116673e7
-1.344570726864564e8 -7.046559647721954e7
-1.337561308617807e8 -7.176243112064826e7
-1.3304238494983801e8 -7.305239614801869e7
-1.3231590027332897e8 -7.43353664261208e7
-1.3157674335293415e8 -7.56112174029503e7
-1.3082498190293881e8 -7.687982511867379e7
-1.3006068482676795e8 -7.814106621657762e7
-1.2928392221243064e8 -7.939481795399952e7
-1.284947653278734e8 -8.064095821324357e7
-1.276932866162427e8 -8.187936551247628e7
-1.26879559691056e8 -8.310991901660451e7
-1.2605365933128063e8 -8.433249854813445e7
-1.2521566147632101e8 -8.554698459801045e7
-1.2436564322091319e8 -8.675325833643368e7
-1.2350368280992626e8 -8.795120162366036e7
-1.2262985963307136e8 -8.91406970207774e7
-1.2174425421951623e8 -9.032162780045721e7
-1.2084694823240694e8 -9.14938779576883e7
-1.199380244632945e8 -9.265733222048378e7
-1.1901756682646777e8 -9.381187606056443e7
-1.1808566035319102e8 -9.495739570401797e7
-1.1714239118584637e8 -9.609377814193231e7
-1.1618784657198115e8 -9.722091114100242e7
-1.152221148582587e8 -9.833868325411084e7
-1.1424528548431358e8 -9.944698383087993e7
-1.1325744897651008e8 -1.0054570302819598e8
-1.12258696941604e8 -1.0163473182070376e8
-1.1124912206030694e8 -1.0271396201127183e8
-1.1022881808075364e8 -1.0378328624142605e8
-1.0919787981187104e8 -1.0484259800175256e8
-1.0815640311664988e8 -1.0589179164226724e8
-1.0710448490531698e8 -1.069307623827532e8
-1.0604222312840986e8 -1.079594063230629e8
-1.0496971676975149e8 -1.089776204533864e8
-1.0388706583932644e8 -1.0998530266448289e8
-1.0279437136605671e8 -1.109823517578764e8
-1.0169173539047867e8 -1.1196866745601285e8
-1.005792609573189e8 -1.1294415041237953e8
-9.945705210796998e7 -1.1390870222158477e8
-9.832521387286644e7 -1.148622254293963e8
-9.718385226375793e7 -1.1580462354274014e8
-9.60330742658831e7 -1.1673580103965512e8
-9.48729878300413e7 -1.1765566337920521e8
-9.370370186456254e7 -1.1856411701134692e8
-9.252532622717515e7 -1.1946106938675225e8
-9.133797171677314e7 -1.2034642896658346e8
-9.014175006507885e7 -1.2122010523222238e8
-8.89367739282051e7 -1.2208200869494952e8
-8.77231568781141e7 -1.2293205090557437e8
-8.650101339397262e7 -1.2377014446401517e8
-8.527045885340557e7 -1.245962030288261e8
-8.403160952364534e7 -1.2541014132667235e8
-8.278458255257902e7 -1.2621187516175008e8
-8.152949595969073e7 -1.2700132142515233e8
-8.026646862690172e7 -1.2777839810417762e8
-7.899562028930578e7 -1.2854302429158154e8
-7.771707152580239e7 -1.2929512019476877e8
-7.643094374962384e7 -1.3003460714492641e8
-7.513735919876091e7 -1.3076140760609467e8
-7.383644092628267e7 -1.3147544518417633e8
-7.252831279055393e7 -1.3217664463588142e8
-7.121309944534718e7 -1.3286493187760805e8
-6.989092632985167e7 -1.3354023399425621e8
-6.856191965857798e7 -1.3420247924797447e8
-6.722620641115937e7 -1.348515970868374e8
-6.588391432204762e7 -1.354875181534538e8
-6.4535171870106995e7 -1.3611017429350245e8
-6.318010826810268e7 -1.367194985641958e8
-6.181885345208772e7 -1.3731542524266887e8
-6.045153807068339e7 -1.378978898342936e8
-5.907829347425881e7 -1.384668290809154e8
-5.7699251704005726e7 -1.3902218096901208e8
-5.631454548091155e7 -1.3956388473777264e8
-5.492430819462747e7 -1.4009188088709557e8
-5.352867389223554e7 -1.4060611118550426e8
-5.212777726691276e7 -1.4110651867797858e8
-5.072175364649228e7 -1.4159304769370145e8
-4.931073898192434e7 -1.420656438537179e8
-4.789486983563299e7 -1.425242540785069e8
-4.647428336977331e7 -1.429688265954627e8
-4.504911733438704e7 -1.4339931094628537e8
-4.361951005545812e7 -1.438156579942782e8
-4.218560042286587e7 -1.4421781993155175e8
-4.07475278782408e7 -1.4460575028613162e8
-3.930543240271935e7 -1.4497940392896912e8
-3.785945450460028e7 -1.453387370808533e8
-3.64097352069016e7 -1.456837073192231e8
-3.4956416034820825e7 -1.4601427358487713e8
-3.349963900309576e7 -1.4633039618858087e8
-3.2039546603270717e7 -1.466320368175682e8
-3.0576281790863805e7 -1.469191585419376e8
-2.9109987972439896e7 -1.4719172582093942e8
-2.7640808992587656e7 -1.474497045091544e8
-2.616888912080303e7 -1.4769306186256072e8
-2.4694373038277045e7 -1.4792176654448852e8
-2.3217405824591964e7 -1.481357886314605e8
-2.1738132944324423e7 -1.483350996189163e8
-2.0256700233556673e7 -1.4851967242681998e8
-1.8773253886297096e7 -1.4868948140514818e8
-1.7287940440810442e7 -1.4884450233925828e8
-1.5800906765859101e7 -1.4898471245513391e8
-1.4312300046855204e7 -1.491100904245073e8
-1.2822267771926437e7 -1.492206163698561e8
-1.1330957717894198e7 -1.4931627186927336e8
-9.838517936166018e6 -1.4939703996120948e8
-8.345096738544409e6 -1.4946290514908358e8
-6.850842682951482e6 -1.495138534057638e8
-5.355904559069878e6 -1.4954987217791432e8
-3.8604313739045463e6 -1.4957095039020756e8
-2.3645723372614575e6 -1.4957707844940013e8
-868476.8471496054 -1.4956824824827117e8
627705.5248975804 -1.4954445316942096e8
2.1238250485757873e6 -1.495056880889288e8
3.6197318496405534e6 -1.494519493798682e8
5.115275924810707e6 -1.493832349156783e8
6.610307156747318e6 -1.492995440733893e8
8.104675329102422e6 -1.4920087773670125e8
9.598230141639233e6 -1.4908723829891384e8
1.1090821225420786e7 -1.4895862966570616e8
1.2582298158067888e7 -1.4881505725776485e8
1.4072510479080753e7 -1.486565280132592e8
1.5561307705228165e7 -1.4848305039016137e8
1.7048539345997285e7 -1.4829463436841086e8
1.853405491910802e7 -1.4809129145192116e8
2.001770396608465e7 -1.4787303467042765e8
2.1499336067888092e7 -1.4763987858117482e8
2.2978800860604815e7 -1.4739183927044192e8
2.445594805118922e7 -1.471289343549054e8
2.5930627433262806e7 -1.4685118298283634e8
2.740268890296203e7 -1.465586058351324e8
2.8871982474838506e7 -1.46251225126182e8
3.033835829780549e7 -1.4592906460456035e8
3.1801666671133567e7 -1.4559214955355477e8
3.3261758060487732e7 -1.452405067915195e8
3.471848311401043e7 -1.4487416467205715e8
3.617169267844202e7 -1.4449315308402726e8
3.762123781528397e7 -1.4409750345137867e8
3.906696981699537e7 -1.436872487328068e8
4.050874022322732e7 -1.4326242342123237e8
4.194640083708738e7 -1.428230635431023e8
4.337980374143776e7 -1.4236920665751034e8
4.4808801315219745e7 -1.4190089185513708e8
4.623324624980693e7 -1.414181597570074e8
4.76529915653801e7 -1.4092105251306584e8
4.906789062732791e7 -1.4040961380056676e8
5.0477797162664525e7 -1.3988388882228005e8
5.188256527646741e7 -1.393439243045102e8
5.328204946832821e7 -1.3878976849492913e8
5.4676104648820154e7 -1.3822147116021976e8
5.606458615597335e7 -1.3763908358353162e8
5.744734977176088e7 -1.3704265856174618e8
5.882425173859e7 -1.3643225040255177e8
6.019514877579679e7 -1.3580791492132717e8
6.1559898096144415e7 -1.3516970943783215e8
6.291835742231826e7 -1.34517692772706e8
6.427038500341815e7 -1.3385192524377203e8
6.56158396314447e7 -1.3317246866214767e8
6.695458065777805e7 -1.3247938632815933e8
6.828646800964426e7 -1.3177274302706206e8
6.96113622065687e7 -1.310526050245629e8
7.092912437681323e7 -1.3031904006214763e8
7.223961627379529e7 -1.2957211735220979e8
7.354270029248437e7 -1.2881190757298286e8
7.483823948577562e7 -1.2803848286327381e8
7.612609758083561e7 -1.2725191681699856e8
7.740613899542043e7 -1.2645228447751805e8
7.867822885415986e7 -1.2563966233177616e8
7.994223300480816e7 -1.2481412830423748e8
8.119801803445622e7 -1.239757617506263e8
8.24454512857047e7 -1.2312464345146495e8
8.368440087279324e7 -1.2226085560541315e8
8.491473569768424e7 -1.2138448182240695e8
8.613632546609743e7 -1.2049560711659834e8
8.734904070349449e7 -1.1959431789909372e8
8.855275277100787e7 -1.1868070197049372e8
8.97473338813136e7 -1.1775484851323242e8
9.093265711444363e7 -1.1681684808371732e8
9.210859643353581e7 -1.1586679260426958e8
9.327502670051847e7 -1.1490477535486479e8
9.443182369172552e7 -1.1393089096467564e8
9.557886411344221e7 -1.1294523540341437e8
9.671602561737393e7 -1.1194790597247905e8
9.784318681604093e7 -1.1093900129589964e8
9.896022729809049e7 -1.099186213110888e8
1.0006702764352837e8 -1.0888686725939393e8
1.0116346943886244e8 -1.078438416764547e8
1.0224943529215951e8 -1.0678964838236322e8
1.0332480884800932e8 -1.0572439247163048e8
1.0438947480239522e8 -1.0464818030295712e8
1.0544331891746576e8 -1.0356111948881258e8
1.0648622803620829e8 -1.0246331888481908e8
1.0751809009701745e8 -1.0135488857894571e8
1.0853879414815912e8 -1.0023593988051021e8
1.0954823036212395e8 -9.910658530899201e7
1.1054629004987076e8 -9.796693858265471e7
1.1153286567495409e8 -9.681711460698189e7
1.1250785086753489e8 -9.565722946292509e7
1.1347114043826996e8 -9.448740039496759e7
1.144226303920796e8 -9.330774579900157e7
1.1536221794178782e8 -9.211838521002409e7
1.1628980152163452e8 -9.091943928964986e7
1.1720528080065568e8 -8.971102981344417e7
1.1810855669592866e8 -8.849327965807696e7
1.1899953138568157e8 -8.726631278829782e7
1.1987810832226092e8 -8.603025424373664e7
1.2074419224495794e8 -8.478523012552838e7
1.2159768919268806e8 -8.353136758276623e7
1.2243850651652357e8 -8.226879479878177e7
1.2326655289207432e8 -8.09976409772569e7
1.2408173833171558e8 -7.97180363281672e7
1.2488397419665854e8 -7.843011205356069e7
1.2567317320886369e8 -7.713400033316995e7
1.264492494627913e8 -7.582983430986431e7
1.2721211843698846e8 -7.451774807494074e7
1.2796169700550932e8 -7.319787665325709e7
1.286979034491669e8 -7.187035598820768e7
1.2942065746661215e8 -7.053532292654693e7
1.301298801852402e8 -6.919291520305897e7
1.3082549417191903e8 -6.784327142507921e7
1.3150742344354005e8 -6.648653105686699e7
1.321755934773871e8 -6.5122834403833605e7
1.3282993122132188e8 -6.3752322596627206e7
1.3347036510378313e8 -6.2375137575077996e7
1.3409682504359841e8 -6.099142207200347e7
1.3470924245960468e8 -5.96013195968799e7
1.3530755028007677e8 -5.8204974419378966e7
1.358916829519609e8 -5.680253155277512e7
1.3646157644991097e8 -5.539413673722424e7
1.3701716828512684e8 -5.397993642291632e7
1.3755839751399028e8 -5.256007775310647e7
1.380852047464992e8 -5.113470854702456e7
1.385975321544956e8 -4.970397728266939e7
1.390953234796881e8 -4.8268033079485334e7
1.3957852404146418e8 -4.6827025680930436e7
1.40047080744493e8 -4.538110543693314e7
1.4050094208611512e8 -4.393042328624481e7
1.409400581635186e8 -4.2475130738687e7
1.413643806806989e8 -4.101537985730093e7
1.4177386295520157e8 -3.955132324039747e7
1.421684599246457e8 -3.8083114003515355e7
1.4254812815302706e8 -3.6610905761285655e7
1.4291282583679882e8 -3.513485260921044e7
1.4326251281072906e8 -3.365510910535454e7
1.43597150553533e8 -3.217183025195768e7
1.4391670219327927e8 -3.068517147696546e7
1.442211325125684e8 -2.919528861548672e7
1.4451040795348275e8 -2.7702337891177412e7
1.4478449662230593e8 -2.6206475897556886e7
1.4504336829401183e8 -2.470785957925607e7
1.4528699441652068e8 -2.32066462132058e7
1.4551534811472258e8 -2.1702993389763165e7
1.4572840419426617e8 -2.0197058993784733e7
1.4592613914511272e8 -1.8689001185644824e7
1.4610853114485392e8 -1.7178978382205468e7
1.4627556006179303e8 -1.5667149237741152e7
1.4642720745778844e8 -1.4153672624819865e7
1.4656345659085903e8 -1.2638707615146082e7
1.466842924175507e8 -1.112241346036732e7
1.4678970159506357e8 -9.604949572848352e6
1.46879672483139e8 -8.086475506417967e6
1.469541951457065e8 -6.567150937088545e6
1.4701326135228962e8 -5.047135643754844e6
1.470568645791708e8 -3.5265894888738357e6
1.4708500001031488e8 -2.0056723991297993e6
1.4709766453805083e8 -484544.3460877793
